11
13666689003899739147857214810648060263360015806601764268495584312668425248357803419565888835960724621930863980401692803407244
43078636067915046984128165098190475994786424034003707085744818738112675046172382835667085673444153423518148731519280654541645
79611820971926670655253892264902276603085131379793112255801610626642763756808819054124964186684240292366864660186536650790131
02442111772290906726343813794375894539391771400890514199204327585660858410438894970026522806138414770153145523978053385704705
27707874732875289044132027035009085183651102577514258877438377453644939829566236823917265046214948471350180344638052069611103
04079537206660294289589723130624917085463481265347530551445930948764300090772317462998188402899293386374643898250403158407559
52385344360381783793917695717032694083960571731035308108484119981811902517447207209018810141169384837380991908314376993695059
21304850273039903018914511886644789652575738670963122116674502075403076809820158519897943221775221261471294900480326171487666
34298793789995707551974474796704691815374909488349124112091610756051613763679643156921936718353035584390376611349273793249153
51580664385509647634518173325902877582539127329113633961848635453452272443567020691117508151275487658671164381503621629590073
74344444099759906362679473718070606091590102863228345219626739044857857972371484869717609861192214613365774995776622602005287
51092145608254507599989737332750330863003283693747227960711987445905157307857169212113093725769634586113390575457902599477695
94057781673964015985190104733814045366605354212296547400706829982599971400130121940139509102994192818491507812164120864725213
37323750901301816157401512214996054987094880127653119091535052848178993441460268842072235344242614169977317080121425580012010
06985367532394480697666314595053229415169655316367920106762239559686242293790949638182222154656292282860493321803460709290963
62681736767193416207323546522622923901005453824520469971941546615268702176836138929924775534783397881859634328698163286803286
98662037659315378736764386353215043497704160534748607068454900214499161569877830733884609022514448262718388922273779935874533
71916509929351965508959415803875003584903031149011202131249586094982382045919473972953368532234168191767729094521705049274954
03095856069754957707053505263520605876786815034381182450971995608321582688539462168973236480750916807580556010723613486312813
41374480974071879355387842430213782479579078667043764203745071004919137896589081151133538938135166941446039010821661747215571
98135176063397539542929580386583568897885565761864767827358536842885557492905043050836266390298875468228960306366343909055361
15251485714007415551891182672374090359103235757515443684529980510028981457683090101438039434544453131828392580301701522929104
82786915334611760629816537838671086663234519621899570676248666553869871525912186172120269963928837537704341731972662096519401
20772232067482269420884677409449453545226054583070294212957514170646814179025171325708875673531816815473583238997980386651168
77260785982232543205125176597136678125166854822123031415530424988870297317489331347210050074520540373890095856681020034595898
58381064887423024111029934021368901093333767422944264378844405354196353047021544203527293453663300314060038598757684868152836
53473933666256180499985416986361580230938040429435115744777547943718535255426286625221898777409256367291655260742977452442590
35922398313559630482033687308733801153176492151730679540413302279322302244899369026964832337370871038803498675121748613641427
55857051430383381851048831477506355450342048592465733807394640218045765588265909276872396285144434680819050787685563368070119
42281506582947690377972130971662269515523704957968415895079285414410331128858020850424906107562795779827566029726641193055035
26219561269814670626478748698283537001214631570806851648550261950460275784599175919102137005275670743790791443341381217527642
42507370578076769190411024864067740691237821164897540607063111471685676296702085517877185333390764595434188239723561264158951
46146025315429337906867037549569386114768847940927540136615886892448676619348407662314379774915090070941451447573316737823265
63002048667718117406012744827343973805266951061599327885526154400876779462569515736550149665063330151857938879093797565493553
29815305712466128715961496978894274589487069272426890747797002170413431814929513575832026423900564861132258868580572489704621
15154508017500550154892377790106569206570438359264968735735956761897320281229101361570292023819193119509902409999234710801231
44478083999098662135332014670973052513580392738547267169651806019704926186853923524576676235940125864811991451213971647381587
31596082791288227597450537557103450507951550669761334072290002424024515517981402979156448827918787076106008901887406331430739
26727843314166090609160479451315504845258407337844638682410647935330557760684345315199814379251263428785092680792176687610476
48815095344901730323360970338115893044917560870949137384428656379575207035002432083131308418859178019858856571221919713879465
85181032067119697030514976750216766850707573083273697827807579530828387011116999672161604791821264168635194104897092779685311
41137206340953358935917142154129758242300184920164637193500115927864793614439050129702891859620331836438056786551735397764519
74310032293488268389974806324790529865184007355001554276928489039773181701666644330533982723317500516219482562856029739750241
70456341475494815019934355128618480756524946077134921308174091699947775070786680651846973262882433093997254252746948294109051
18813167984881919872091407536035209322267690460691014625437576953981468215165831384686615641992013407712117244170998039894860
33877819936639099119320605200503439087771654092932711755258152240671640896676811597926868657424632763497469911772956631003789
23291135072086875170069291987987069456475724151503602720953949099716024379531468107408580029890030981486236697094543217062048
26839255972014469485096165888289009175489018972908391358144036374737522519780241951172396153140842917436474978613096909141300
63413114663836240708670003699466081724125733371029726644242452366062373718712885505529689732851908440195487318793046734226179
65620689675925982768210680458408565270732699957850367160544706799082211236049614975378022675769376684373785819734478371846674
81149039708521173209135607620059221024776329738576466922076060357385973367611830762240243878760731766045850586185777614104547
39258505050278711560539471158695324138162633085299218128114242062387089752547450985796669404628505778509502424307749200400393
22692747306869505231547135606461284050379118463637795774798114048337534858445742987238349941686202120050875774874802697148338
06800385930321659518300528628029128176620444470698853574867257902813531972884138549775507560509118237724428614272455208561318
58112955848568557543368101897656264163271595197659513112159674382039689260235118509573779279307103729815939671324588283770090
24769834070377295339387088868947239583399172331311567995924461244604962224876063277240394302773009598247484739590923570134566
95121613319594587593378319183854442667869682451566909822943968520605167457409046641920067891778030470463370880553650048245333
15938145592935217097700728117351689561121054024892127857876981859760212047872901578989490793654336880654087270076708311189283
81222158799402716873283545498861981621202888294884036329806071940546354569475638843330557486804370770085741106668290498447573
00973321358772664070276306916329243480177384760601665739387801440464137636141621860828922267450932151777504736218572604218542
65622577709969073653742505332722833586814878713252287662766614997980495961083558300676082071344330898001801367633837172349404
45662530569785585406048782917046115272993232510265274954281167624587386318674482799474892895761816541863797597040631344586402
95044248047904482801147255585048106261154553604327284981533567293956107222273708772650808553048207550648411859393601788022578
97659568114968653035774691379669356964328252104214189591341474393147772043986414249000722827801367734501316946483887728431407
04070484326669074876649653056081750521293319497418230172634676560796720987586501241657418271657661147247107116580882926123013
85822409768796565417764462257050369012165439129196860072919190862976618339024972451810339539758095445129684455992482324430560
06787891523284111372366338651789426073018350080520555537502113281740690042183911670673297738490563749778544507046564848088444
55967794657120530099390735755257819143107567621193505402248484017887735795972273165404619256247230861345844251736246654052880
01883812814521073441745788057321999318964819658679269752498881650200913357329563217113488395723834875972070849455801399191434
200641071456655482384557953173068473481636033989727638552265722
11
13666689003899739147857214810648060263360015806601764268495584312668425248357803419565888835960724621930863980401692803407244
43078636067915046984128165098190475994786424034003707085744818738112675046172382835667085673444153423518148731519280654541645
79611820971926670655253892264902276603085131379793112255801610626642763756808819054124964186684240292366864660186536650790131
02442111772290906726343813794375894539391771400890514199204327585660858410438894970026522806138414770153145523978053385704705
27707874732875289044132027035009085183651102577514258877438377453644939829566236823917265046214948471350180344638052069611103
04079537206660294289589723130624917085463481265347530551445930948764300090772317462998188402899293386374643898250403158407559
52385344360381783793917695717032694083960571731035308108484119981811902517447207209018810141169384837380991908314376993695059
21304850273039903018914511886644789652575738670963122116674502075403076809820158519897943221775221261471294900480326171487666
34298793789995707551974474796704691815374909488349124112091610756051613763679643156921936718353035584390376611349273793249153
51580664385509647634518173325902877582539127329113633961848635453452272443567020691117508151275487658671164381503621629590073
74344444099759906362679473718070606091590102863228345219626739044857857972371484869717609861192214613365774995776622602005287
51092145608254507599989737332750330863003283693747227960711987445905157307857169212113093725769634586113390575457902599477695
94057781673964015985190104733814045366605354212296547400706829982599971400130121940139509102994192818491507812164120864725213
37323750901301816157401512214996054987094880127653119091535052848178993441460268842072235344242614169977317080121425580012010
06985367532394480697666314595053229415169655316367920106762239559686242293790949638182222154656292282860493321803460709290963
62681736767193416207323546522622923901005453824520469971941546615268702176836138929924775534783397881859634328698163286803286
98662037659315378736764386353215043497704160534748607068454900214499161569877830733884609022514448262718388922273779935874533
71916509929351965508959415803875003584903031149011202131249586094982382045919473972953368532234168191767729094521705049274954
03095856069754957707053505263520605876786815034381182450971995608321582688539462168973236480750916807580556010723613486312813
41374480974071879355387842430213782479579078667043764203745071004919137896589081151133538938135166941446039010821661747215571
98135176063397539542929580386583568897885565761864767827358536842885557492905043050836266390298875468228960306366343909055361
15251485714007415551891182672374090359103235757515443684529980510028981457683090101438039434544453131828392580301701522929104
82786915334611760629816537838671086663234519621899570676248666553869871525912186172120269963928837537704341731972662096519401
20772232067482269420884677409449453545226054583070294212957514170646814179025171325708875673531816815473583238997980386651168
77260785982232543205125176597136678125166854822123031415530424988870297317489331347210050074520540373890095856681020034595898
58381064887423024111029934021368901093333767422944264378844405354196353047021544203527293453663300314060038598757684868152836
53473933666256180499985416986361580230938040429435115744777547943718535255426286625221898777409256367291655260742977452442590
35922398313559630482033687308733801153176492151730679540413302279322302244899369026964832337370871038803498675121748613641427
55857051430383381851048831477506355450342048592465733807394640218045765588265909276872396285144434680819050787685563368070119
42281506582947690377972130971662269515523704957968415895079285414410331128858020850424906107562795779827566029726641193055035
26219561269814670626478748698283537001214631570806851648550261950460275784599175919102137005275670743790791443341381217527642
42507370578076769190411024864067740691237821164897540607063111471685676296702085517877185333390764595434188239723561264158951
46146025315429337906867037549569386114768847940927540136615886892448676619348407662314379774915090070941451447573316737823265
63002048667718117406012744827343973805266951061599327885526154400876779462569515736550149665063330151857938879093797565493553
29815305712466128715961496978894274589487069272426890747797002170413431814929513575832026423900564861132258868580572489704621
15154508017500550154892377790106569206570438359264968735735956761897320281229101361570292023819193119509902409999234710801231
44478083999098662135332014670973052513580392738547267169651806019704926186853923524576676235940125864811991451213971647381587
31596082791288227597450537557103450507951550669761334072290002424024515517981402979156448827918787076106008901887406331430739
26727843314166090609160479451315504845258407337844638682410647935330557760684345315199814379251263428785092680792176687610476
48815095344901730323360970338115893044917560870949137384428656379575207035002432083131308418859178019858856571221919713879465
85181032067119697030514976750216766850707573083273697827807579530828387011116999672161604791821264168635194104897092779685311
41137206340953358935917142154129758242300184920164637193500115927864793614439050129702891859620331836438056786551735397764519
74310032293488268389974806324790529865184007355001554276928489039773181701666644330533982723317500516219482562856029739750241
70456341475494815019934355128618480756524946077134921308174091699947775070786680651846973262882433093997254252746948294109051
18813167984881919872091407536035209322267690460691014625437576953981468215165831384686615641992013407712117244170998039894860
33877819936639099119320605200503439087771654092932711755258152240671640896676811597926868657424632763497469911772956631003789
23291135072086875170069291987987069456475724151503602720953949099716024379531468107408580029890030981486236697094543217062048
26839255972014469485096165888289009175489018972908391358144036374737522519780241951172396153140842917436474978613096909141300
63413114663836240708670003699466081724125733371029726644242452366062373718712885505529689732851908440195487318793046734226179
65620689675925982768210680458408565270732699957850367160544706799082211236049614975378022675769376684373785819734478371846674
81149039708521173209135607620059221024776329738576466922076060357385973367611830762240243878760731766045850586185777614104547
39258505050278711560539471158695324138162633085299218128114242062387089752547450985796669404628505778509502424307749200400393
22692747306869505231547135606461284050379118463637795774798114048337534858445742987238349941686202120050875774874802697148338
06800385930321659518300528628029128176620444470698853574867257902813531972884138549775507560509118237724428614272455208561318
58112955848568557543368101897656264163271595197659513112159674382039689260235118509573779279307103729815939671324588283770090
24769834070377295339387088868947239583399172331311567995924461244604962224876063277240394302773009598247484739590923570134566
95121613319594587593378319183854442667869682451566909822943968520605167457409046641920067891778030470463370880553650048245333
15938145592935217097700728117351689561121054024892127857876981859760212047872901578989490793654336880654087270076708311189283
81222158799402716873283545498861981621202888294884036329806071940546354569475638843330557486804370770085741106668290498447573
00973321358772664070276306916329243480177384760601665739387801440464137636141621860828922267450932151777504736218572604218542
65622577709969073653742505332722833586814878713252287662766614997980495961083558300676082071344330898001801367633837172349404
45662530569785585406048782917046115272993232510265274954281167624587386318674482799474892895761816541863797597040631344586402
95044248047904482801147255585048106261154553604327284981533567293956107222273708772650808553048207550648411859393601788022578
97659568114968653035774691379669356964328252104214189591341474393147772043986414249000722827801367734501316946483887728431407
04070484326669074876649653056081750521293319497418230172634676560796720987586501241657418271657661147247107116580882926123013
85822409768796565417764462257050369012165439129196860072919190862976618339024972451810339539758095445129684455992482324430560
06787891523284111372366338651789426073018350080520555537502113281740690042183911670673297738490563749778544507046564848088444
55967794657120530099390735755257819143107567621193505402248484017887735795972273165404619256247230861345844251736246654052880
01883812814521073441745788057321999318964819658679269752498881650200913357329563217113488395723834875972070849455801399191434
200641071456655482384557953173068473481636033989727638552265722
11
13666689003899739147857214810648060263360015806601764268495584312668425248357803419565888835960724621930863980401692803407244
43078636067915046984128165098190475994786424034003707085744818738112675046172382835667085673444153423518148731519280654541645
79611820971926670655253892264902276603085131379793112255801610626642763756808819054124964186684240292366864660186536650790131
02442111772290906726343813794375894539391771400890514199204327585660858410438894970026522806138414770153145523978053385704705
27707874732875289044132027035009085183651102577514258877438377453644939829566236823917265046214948471350180344638052069611103
04079537206660294289589723130624917085463481265347530551445930948764300090772317462998188402899293386374643898250403158407559
52385344360381783793917695717032694083960571731035308108484119981811902517447207209018810141169384837380991908314376993695059
21304850273039903018914511886644789652575738670963122116674502075403076809820158519897943221775221261471294900480326171487666
34298793789995707551974474796704691815374909488349124112091610756051613763679643156921936718353035584390376611349273793249153
51580664385509647634518173325902877582539127329113633961848635453452272443567020691117508151275487658671164381503621629590073
74344444099759906362679473718070606091590102863228345219626739044857857972371484869717609861192214613365774995776622602005287
51092145608254507599989737332750330863003283693747227960711987445905157307857169212113093725769634586113390575457902599477695
94057781673964015985190104733814045366605354212296547400706829982599971400130121940139509102994192818491507812164120864725213
37323750901301816157401512214996054987094880127653119091535052848178993441460268842072235344242614169977317080121425580012010
06985367532394480697666314595053229415169655316367920106762239559686242293790949638182222154656292282860493321803460709290963
62681736767193416207323546522622923901005453824520469971941546615268702176836138929924775534783397881859634328698163286803286
98662037659315378736764386353215043497704160534748607068454900214499161569877830733884609022514448262718388922273779935874533
71916509929351965508959415803875003584903031149011202131249586094982382045919473972953368532234168191767729094521705049274954
03095856069754957707053505263520605876786815034381182450971995608321582688539462168973236480750916807580556010723613486312813
41374480974071879355387842430213782479579078667043764203745071004919137896589081151133538938135166941446039010821661747215571
98135176063397539542929580386583568897885565761864767827358536842885557492905043050836266390298875468228960306366343909055361
15251485714007415551891182672374090359103235757515443684529980510028981457683090101438039434544453131828392580301701522929104
82786915334611760629816537838671086663234519621899570676248666553869871525912186172120269963928837537704341731972662096519401
20772232067482269420884677409449453545226054583070294212957514170646814179025171325708875673531816815473583238997980386651168
77260785982232543205125176597136678125166854822123031415530424988870297317489331347210050074520540373890095856681020034595898
58381064887423024111029934021368901093333767422944264378844405354196353047021544203527293453663300314060038598757684868152836
53473933666256180499985416986361580230938040429435115744777547943718535255426286625221898777409256367291655260742977452442590
35922398313559630482033687308733801153176492151730679540413302279322302244899369026964832337370871038803498675121748613641427
55857051430383381851048831477506355450342048592465733807394640218045765588265909276872396285144434680819050787685563368070119
42281506582947690377972130971662269515523704957968415895079285414410331128858020850424906107562795779827566029726641193055035
26219561269814670626478748698283537001214631570806851648550261950460275784599175919102137005275670743790791443341381217527642
42507370578076769190411024864067740691237821164897540607063111471685676296702085517877185333390764595434188239723561264158951
46146025315429337906867037549569386114768847940927540136615886892448676619348407662314379774915090070941451447573316737823265
63002048667718117406012744827343973805266951061599327885526154400876779462569515736550149665063330151857938879093797565493553
29815305712466128715961496978894274589487069272426890747797002170413431814929513575832026423900564861132258868580572489704621
15154508017500550154892377790106569206570438359264968735735956761897320281229101361570292023819193119509902409999234710801231
44478083999098662135332014670973052513580392738547267169651806019704926186853923524576676235940125864811991451213971647381587
31596082791288227597450537557103450507951550669761334072290002424024515517981402979156448827918787076106008901887406331430739
26727843314166090609160479451315504845258407337844638682410647935330557760684345315199814379251263428785092680792176687610476
48815095344901730323360970338115893044917560870949137384428656379575207035002432083131308418859178019858856571221919713879465
85181032067119697030514976750216766850707573083273697827807579530828387011116999672161604791821264168635194104897092779685311
41137206340953358935917142154129758242300184920164637193500115927864793614439050129702891859620331836438056786551735397764519
74310032293488268389974806324790529865184007355001554276928489039773181701666644330533982723317500516219482562856029739750241
70456341475494815019934355128618480756524946077134921308174091699947775070786680651846973262882433093997254252746948294109051
18813167984881919872091407536035209322267690460691014625437576953981468215165831384686615641992013407712117244170998039894860
33877819936639099119320605200503439087771654092932711755258152240671640896676811597926868657424632763497469911772956631003789
23291135072086875170069291987987069456475724151503602720953949099716024379531468107408580029890030981486236697094543217062048
26839255972014469485096165888289009175489018972908391358144036374737522519780241951172396153140842917436474978613096909141300
63413114663836240708670003699466081724125733371029726644242452366062373718712885505529689732851908440195487318793046734226179
65620689675925982768210680458408565270732699957850367160544706799082211236049614975378022675769376684373785819734478371846674
81149039708521173209135607620059221024776329738576466922076060357385973367611830762240243878760731766045850586185777614104547
39258505050278711560539471158695324138162633085299218128114242062387089752547450985796669404628505778509502424307749200400393
22692747306869505231547135606461284050379118463637795774798114048337534858445742987238349941686202120050875774874802697148338
06800385930321659518300528628029128176620444470698853574867257902813531972884138549775507560509118237724428614272455208561318
58112955848568557543368101897656264163271595197659513112159674382039689260235118509573779279307103729815939671324588283770090
24769834070377295339387088868947239583399172331311567995924461244604962224876063277240394302773009598247484739590923570134566
95121613319594587593378319183854442667869682451566909822943968520605167457409046641920067891778030470463370880553650048245333
15938145592935217097700728117351689561121054024892127857876981859760212047872901578989490793654336880654087270076708311189283
81222158799402716873283545498861981621202888294884036329806071940546354569475638843330557486804370770085741106668290498447573
00973321358772664070276306916329243480177384760601665739387801440464137636141621860828922267450932151777504736218572604218542
65622577709969073653742505332722833586814878713252287662766614997980495961083558300676082071344330898001801367633837172349404
45662530569785585406048782917046115272993232510265274954281167624587386318674482799474892895761816541863797597040631344586402
95044248047904482801147255585048106261154553604327284981533567293956107222273708772650808553048207550648411859393601788022578
97659568114968653035774691379669356964328252104214189591341474393147772043986414249000722827801367734501316946483887728431407
04070484326669074876649653056081750521293319497418230172634676560796720987586501241657418271657661147247107116580882926123013
85822409768796565417764462257050369012165439129196860072919190862976618339024972451810339539758095445129684455992482324430560
06787891523284111372366338651789426073018350080520555537502113281740690042183911670673297738490563749778544507046564848088444
55967794657120530099390735755257819143107567621193505402248484017887735795972273165404619256247230861345844251736246654052880
01883812814521073441745788057321999318964819658679269752498881650200913357329563217113488395723834875972070849455801399191434
200641071456655482384557953173068473481636033989727638552265722
11
13666689003899739147857214810648060263360015806601764268495584312668425248357803419565888835960724621930863980401692803407244
43078636067915046984128165098190475994786424034003707085744818738112675046172382835667085673444153423518148731519280654541645
79611820971926670655253892264902276603085131379793112255801610626642763756808819054124964186684240292366864660186536650790131
02442111772290906726343813794375894539391771400890514199204327585660858410438894970026522806138414770153145523978053385704705
27707874732875289044132027035009085183651102577514258877438377453644939829566236823917265046214948471350180344638052069611103
04079537206660294289589723130624917085463481265347530551445930948764300090772317462998188402899293386374643898250403158407559
52385344360381783793917695717032694083960571731035308108484119981811902517447207209018810141169384837380991908314376993695059
21304850273039903018914511886644789652575738670963122116674502075403076809820158519897943221775221261471294900480326171487666
34298793789995707551974474796704691815374909488349124112091610756051613763679643156921936718353035584390376611349273793249153
51580664385509647634518173325902877582539127329113633961848635453452272443567020691117508151275487658671164381503621629590073
74344444099759906362679473718070606091590102863228345219626739044857857972371484869717609861192214613365774995776622602005287
51092145608254507599989737332750330863003283693747227960711987445905157307857169212113093725769634586113390575457902599477695
94057781673964015985190104733814045366605354212296547400706829982599971400130121940139509102994192818491507812164120864725213
37323750901301816157401512214996054987094880127653119091535052848178993441460268842072235344242614169977317080121425580012010
06985367532394480697666314595053229415169655316367920106762239559686242293790949638182222154656292282860493321803460709290963
62681736767193416207323546522622923901005453824520469971941546615268702176836138929924775534783397881859634328698163286803286
98662037659315378736764386353215043497704160534748607068454900214499161569877830733884609022514448262718388922273779935874533
71916509929351965508959415803875003584903031149011202131249586094982382045919473972953368532234168191767729094521705049274954
03095856069754957707053505263520605876786815034381182450971995608321582688539462168973236480750916807580556010723613486312813
41374480974071879355387842430213782479579078667043764203745071004919137896589081151133538938135166941446039010821661747215571
98135176063397539542929580386583568897885565761864767827358536842885557492905043050836266390298875468228960306366343909055361
15251485714007415551891182672374090359103235757515443684529980510028981457683090101438039434544453131828392580301701522929104
82786915334611760629816537838671086663234519621899570676248666553869871525912186172120269963928837537704341731972662096519401
20772232067482269420884677409449453545226054583070294212957514170646814179025171325708875673531816815473583238997980386651168
77260785982232543205125176597136678125166854822123031415530424988870297317489331347210050074520540373890095856681020034595898
58381064887423024111029934021368901093333767422944264378844405354196353047021544203527293453663300314060038598757684868152836
53473933666256180499985416986361580230938040429435115744777547943718535255426286625221898777409256367291655260742977452442590
35922398313559630482033687308733801153176492151730679540413302279322302244899369026964832337370871038803498675121748613641427
55857051430383381851048831477506355450342048592465733807394640218045765588265909276872396285144434680819050787685563368070119
42281506582947690377972130971662269515523704957968415895079285414410331128858020850424906107562795779827566029726641193055035
26219561269814670626478748698283537001214631570806851648550261950460275784599175919102137005275670743790791443341381217527642
42507370578076769190411024864067740691237821164897540607063111471685676296702085517877185333390764595434188239723561264158951
46146025315429337906867037549569386114768847940927540136615886892448676619348407662314379774915090070941451447573316737823265
63002048667718117406012744827343973805266951061599327885526154400876779462569515736550149665063330151857938879093797565493553
29815305712466128715961496978894274589487069272426890747797002170413431814929513575832026423900564861132258868580572489704621
15154508017500550154892377790106569206570438359264968735735956761897320281229101361570292023819193119509902409999234710801231
44478083999098662135332014670973052513580392738547267169651806019704926186853923524576676235940125864811991451213971647381587
31596082791288227597450537557103450507951550669761334072290002424024515517981402979156448827918787076106008901887406331430739
26727843314166090609160479451315504845258407337844638682410647935330557760684345315199814379251263428785092680792176687610476
48815095344901730323360970338115893044917560870949137384428656379575207035002432083131308418859178019858856571221919713879465
85181032067119697030514976750216766850707573083273697827807579530828387011116999672161604791821264168635194104897092779685311
41137206340953358935917142154129758242300184920164637193500115927864793614439050129702891859620331836438056786551735397764519
74310032293488268389974806324790529865184007355001554276928489039773181701666644330533982723317500516219482562856029739750241
70456341475494815019934355128618480756524946077134921308174091699947775070786680651846973262882433093997254252746948294109051
18813167984881919872091407536035209322267690460691014625437576953981468215165831384686615641992013407712117244170998039894860
33877819936639099119320605200503439087771654092932711755258152240671640896676811597926868657424632763497469911772956631003789
23291135072086875170069291987987069456475724151503602720953949099716024379531468107408580029890030981486236697094543217062048
26839255972014469485096165888289009175489018972908391358144036374737522519780241951172396153140842917436474978613096909141300
63413114663836240708670003699466081724125733371029726644242452366062373718712885505529689732851908440195487318793046734226179
65620689675925982768210680458408565270732699957850367160544706799082211236049614975378022675769376684373785819734478371846674
81149039708521173209135607620059221024776329738576466922076060357385973367611830762240243878760731766045850586185777614104547
39258505050278711560539471158695324138162633085299218128114242062387089752547450985796669404628505778509502424307749200400393
22692747306869505231547135606461284050379118463637795774798114048337534858445742987238349941686202120050875774874802697148338
06800385930321659518300528628029128176620444470698853574867257902813531972884138549775507560509118237724428614272455208561318
58112955848568557543368101897656264163271595197659513112159674382039689260235118509573779279307103729815939671324588283770090
24769834070377295339387088868947239583399172331311567995924461244604962224876063277240394302773009598247484739590923570134566
95121613319594587593378319183854442667869682451566909822943968520605167457409046641920067891778030470463370880553650048245333
15938145592935217097700728117351689561121054024892127857876981859760212047872901578989490793654336880654087270076708311189283
81222158799402716873283545498861981621202888294884036329806071940546354569475638843330557486804370770085741106668290498447573
00973321358772664070276306916329243480177384760601665739387801440464137636141621860828922267450932151777504736218572604218542
65622577709969073653742505332722833586814878713252287662766614997980495961083558300676082071344330898001801367633837172349404
45662530569785585406048782917046115272993232510265274954281167624587386318674482799474892895761816541863797597040631344586402
95044248047904482801147255585048106261154553604327284981533567293956107222273708772650808553048207550648411859393601788022578
97659568114968653035774691379669356964328252104214189591341474393147772043986414249000722827801367734501316946483887728431407
04070484326669074876649653056081750521293319497418230172634676560796720987586501241657418271657661147247107116580882926123013
85822409768796565417764462257050369012165439129196860072919190862976618339024972451810339539758095445129684455992482324430560
06787891523284111372366338651789426073018350080520555537502113281740690042183911670673297738490563749778544507046564848088444
55967794657120530099390735755257819143107567621193505402248484017887735795972273165404619256247230861345844251736246654052880
01883812814521073441745788057321999318964819658679269752498881650200913357329563217113488395723834875972070849455801399191434
200641071456655482384557953173068473481636033989727638552265722
